00000000000000000000000000001000000000000000000000000000000011000000000000000000000000000001000000000000000000000000000000010000000000000000000000000000000
00000000000000000000000000010010000000000000000000000000001000000000000000000000000000000011100000000000000000000000000001100000000000000000000000000000101
00000000000000000000000000011100000000000000000000000000001101000000000000000000000000000110000000000000000000000000000010110000000000000000000000000001010
00000000000000000000000000100110000000000000000000000000010010000000000000000000000000001000100000000000000000000000000100000000000000000000000000000001111
00000000000000000000000000110000000000000000000000000000010111000000000000000000000000001011000000000000000000000000000101010000000000000000000000000010100
00000000000000000000000000111010000000000000000000000000011100000000000000000000000000001101100000000000000000000000000110100000000000000000000000000011001
00000000000000000000000001000100000000000000000000000000100001000000000000000000000000010000000000000000000000000000000111110000000000000000000000000011110
00000000000000000000000001001110000000000000000000000000100110000000000000000000000000010010100000000000000000000000001001000000000000000000000000000100011
00000000000000000000000001011000000000000000000000000000101011000000000000000000000000010101000000000000000000000000001010010000000000000000000000000101000
00000000000000000000000001100010000000000000000000000000110000000000000000000000000000010111100000000000000000000000001011100000000000000000000000000101101
00000000000000000000000001101100000000000000000000000000110101000000000000000000000000011010000000000000000000000000001100110000000000000000000000000110010
00000000000000000000000001110110000000000000000000000000111010000000000000000000000000011100100000000000000000000000001110000000000000000000000000000110111
00000000000000000000000010000000000000000000000000000000111111000000000000000000000000011111000000000000000000000000001111010000000000000000000000000111100
00000000000000000000000010001010000000000000000000000001000100000000000000000000000000100001100000000000000000000000010000100000000000000000000000001000001
00000000000000000000000010010100000000000000000000000001001001000000000000000000000000100100000000000000000000000000010001110000000000000000000000001000110
00000000000000000000000010011110000000000000000000000001001110000000000000000000000000100110100000000000000000000000010011000000000000000000000000001001011
00000000000000000000000010101000000000000000000000000001010011000000000000000000000000101001000000000000000000000000010100010000000000000000000000001010000
00000000000000000000000010110010000000000000000000000001011000000000000000000000000000101011100000000000000000000000010101100000000000000000000000001010101
00000000000000000000000010111100000000000000000000000001011101000000000000000000000000101110000000000000000000000000010110110000000000000000000000001011010
00000000000000000000000011000110000000000000000000000001100010000000000000000000000000110000100000000000000000000000011000000000000000000000000000001011111