1010010101001001
1010001010000000
1100000011000001
1011010111001010
1100010110111011
1011001010110110
1101110001011101
0110000100100101
1010100000011011
1100001110100010
1101101110001111
1110001001100110
0001110100000101
1010011101010110
0000001000110111
1111100011001100
1110110000110001
0110011000100011
0000001000011010
0000000010010111
1010001101101000
0011010010011100
0011100111010110
0000100011110011
0101001001011110
1010101110101011
1101000000011001
1111101101000011
1011100101100100
0010111100010111
1101011000011100
1011011011111101
0011111101110100
1011011110011000
0101101100111010
0000101110110100
1001111101100110
0011011111110110
0101111001010000
0110010000110000
0110001101110110
1110011011101001
1010100001110011
1011001110100001
0100110100110110
0110010011011010
0110010001111001
0110001010011111
0011111000111000
0000010000101011