0001001100110001
1100111001011000
1010110000111011
1100010110001110
1011101101000110
0011111111100011
1010010011100100
0000111111101100
1100001110111000
1011001101010011
1010110011011001
1001110110101010
1001110111001001
1100101110110001
1001111001001010
0101100001111100
0110000011000101
0001100111111110
1001111011000010
1010001001111111
0000001011010111
0100110000111111
1011101001110010
1010010000001101
0010001010100100
1100011000001101
1010101111111100
0101111010100011
0101000011101110
1010100001110010
1011000011000100
1011100010011101
0100010110111000
0100101011011111
0000001011111010
1001011010010000
1110100110101000
0101011110110101
0010110101011100
0001000001011110
1110010010101101
0101110110110010
0001100010111000
0010110011001001
0010111100111011
1110011010010111
0001100000111010
0000001101101111
0100010010111111
1001110011011001