0011110001011111
0100101001101010
0001000111110101
0100100100000001
1111001111101011
1010100101000110
0111001010010101
0111010001100111
0010001000010011
0110001010100101
0100111111111111
1110110000001010
1000110110011111
1110010010100110
1011111010100000
0110100011011100
1111101011101111
1111000001001100
0000000010000101
1010001100110011
1011111110001110
0000100100000101
1000101100110111
1011010110110100
1001101101011010
1110101110001110
0110111000000011
1011010010010011
1010011001011000
0110100001011111
0111010010010111
1010110111000110
1100010101011111
1010100011110010
1110100111110000
1101010110011000
0110000110110101
0000100110111111
1000111100011001
1001100000001101
0100110000111010
0110111110011111
0001011100111111
1101001001111101
1111111110011101
0111010100101111
0110100011010101
1011011100100000
1000111110111000
0001011100000001