11111111111111111001101110010000
11111111111111111010010101111010
00000000000000000111001111001101
00000000000000000101101110101011
00000000000000000111010010010000
00000000000000000100111011001111
00000000000000000001100010010000
11111111111111111111001001111100
11111111111111111000111111100001
11111111111111111100000010111110
00000000000000000101010110100010
00000000000000000111001101111001
11111111111111111110011010000100
00000000000000000111000111110011
11111111111111111001111010111111
00000000000000000011010001010001
11111111111111111000101011101101
11111111111111111000101111011111
11111111111111111000101011010001
00000000000000000100011110001111
11111111111111111001111000100001
11111111111111111000101100101010
11111111111111111111011001011000
11111111111111111010010101100001
11111111111111111100001111111011
11111111111111111000110010011101
11111111111111111101011110100010
00000000000000000101100110101111
11111111111111111011010010001011
11111111111111111100101010111000
00000000000000000000101111001100
11111111111111111010110010000010
11111111111111111001101010001001
00000000000000000100111001110010
11111111111111111000110011101001
11111111111111111001001011000010
11111111111111111011111101001101
00000000000000000111010011001000
00000000000000000001111101100110
11111111111111111100100111100111
00000000000000000101100100000001
00000000000000000010001110101101
00000000000000000111001011011011
00000000000000000110101111111101
11111111111111111000101011010001
11111111111111111111111101011100
00000000000000000011010001011111
00000000000000000101101111000101
00000000000000000010000110001100
11111111111111111000110100011000